2018,MP,1370,IA,122,209,249,335,337,348,354,376,411,413,455,459,461,471,477,481,495,499,580,592,593,599
2018,MP,1370,GTE,153,390,549,624,654,691,697,705
2018,MP,1370,MEC,253,271,422,445,493,513,526,552,570,598,610,621
2018,MP,1370,GMP,383,446,483,717,757,773,776,796,831
2018,MP,1370,EI,321,779,786,799,852,855,857,871,879,890,895,940,943,984,1014,1016,1018,1026,1033

2018,PT,606,EI,112,216,268,280,283,289,303,310,327,330,331,332,333,337,342,353,360,369,370,376
2018,PT,606,IA,97,128,146,158,165,169,170,176,187,188
2018,PT,606,MEC,64,81,121,124,129,142,154,156,162,166,171,175,191,195,202,204,211,212,213
2018,PT,606,GTE,70,120,149,179,180,194,198
2018,PT,606,GMP,250,255,258,260,261,306,325

2017,MP,1370,GTE,513,514,581,601,680,683,740,743,754,781,803,863,950,957
2017,MP,1370,IA,398,494,614,626,655,657,674,678,716,718,727,729,732,747,750,753,776,794,862,868,875,883,914,925,951,991,1005,1007,1055
2017,PT,606,GTE,60,97,164,224,237
2017,PT,606,IA,163,198,214,216,234,247,250,254,269

2016,MP,1573,IA,373,451,466,491,566,588,623,630,666,667,673,689,699,703,712,735,743,763,772,775,777,802,804,812,836,850,859,888,892,923,928,936,970,978,982,995,995,1000,1053,1065,1078,1083,1096,1109,1115,1120
2016,PT,689,IA,500,160,178,182,311,325,363,376,382,409,418,427,436,438,444

2015,MP,1700,IA,1202,1168,938,1170,839,1266,900,1022,918,1063,1121,1045,1219,864,1007,854,927,705,723,1207,835,768,638,899,822,908,991,719,1047,1019,488,1184,1147,945,1023,1029,1225,917
2015,PT,900,IA,403,464,440,552,484,689,551,394,555,653,713,239,653,593,628,480,583

2014,MP,2000,IA,1240,1100,1179,1345,1098,750,850,1032,1200,1012,660,902,1003,1191,1100,1251,1129,1300,1300,1226,1256,1290,1200,1180,789,1005,912,1100,609,1300,800,1024,1003
2014,PT,900,IA,369,498,502,520,356,420,470,327,480

2013,MP,2000,IA,1134,1281
2013,PT,900,IA,680,275,796,563,838,488,572,354,590,538,644,717,692,541


